# SAMPLing challenge results for absolute free energy calculations
#
# This file will be automatically parsed. It must contain the following five sections: predictions, computational cost,
# software listing, technical details, and method description. These elements must be provided in the order shown.
#
# The data in each prediction line should be a comma-separated list of exactly 201 fields, 100 of which are optional.
# Each line must be structured as follows: system ID, F(1%), dF(1%), F(2%), dF(2%), ..., F(100%), dF(100%), where
# F(X%) and dF(X%) are respectively the free energy estimate and free energy uncertainty, both in kcal/mol, after X% of
# the calculation. The free energy uncertainties are optional (see example below).
#
# The "Prediction" section should have at least 15 lines: 5 replicates starting from the provided initial configurations
# for each of the 3 host-guest systems in the challenge (i.e., CB8-G3, OA-G3, and OA-G6). Data submission for further replicates
# or different systems is welcomed, although not required.
#
# The list of predictions must begin with the "Prediction:" keyword, as illustrated here.
Predictions:
OA-G3-0, -6.59, 0.86, -6.38, 0.65, -6.44, 0.61, -6.30, 0.51, -6.48, 0.49, -6.77, 0.46, -7.02, 0.40, -6.99, 0.39, -6.85, 0.38, -6.68, 0.37, -6.74, 0.36, -6.64, 0.33, -6.68, 0.31, -6.77, 0.31, -6.67, 0.28, -6.71, 0.29, -6.72, 0.28, -6.74, 0.27, -6.81, 0.25, -6.82, 0.26, -6.83, 0.23, -6.82, 0.24, -6.79, 0.23, -6.83, 0.23, -6.78, 0.22, -6.72, 0.22, -6.70, 0.23, -6.66, 0.22, -6.60, 0.23, -6.55, 0.22, -6.48, 0.21, -6.50, 0.22, -6.47, 0.22, -6.47, 0.20, -6.49, 0.19, -6.49, 0.20, -6.48, 0.21, -6.46, 0.21, -6.40, 0.21, -6.42, 0.20, -6.44, 0.20, -6.44, 0.19, -6.47, 0.18, -6.47, 0.19, -6.49, 0.19, -6.47, 0.17, -6.49, 0.18, -6.49, 0.18, -6.47, 0.17, -6.48, 0.17, -6.50, 0.18, -6.48, 0.18, -6.47, 0.17, -6.46, 0.16, -6.46, 0.17, -6.47, 0.17, -6.47, 0.16, -6.49, 0.16, -6.50, 0.17, -6.47, 0.16, -6.49, 0.15, -6.47, 0.16, -6.43, 0.15, -6.42, 0.15, -6.41, 0.15, -6.39, 0.16, -6.39, 0.15, -6.40, 0.15, -6.41, 0.13, -6.42, 0.14, -6.42, 0.14, -6.44, 0.14, -6.44, 0.14, -6.42, 0.15, -6.42, 0.15, -6.44, 0.14, -6.43, 0.14, -6.43, 0.14, -6.44, 0.14, -6.44, 0.14, -6.46, 0.14, -6.46, 0.13, -6.45, 0.14, -6.45, 0.13, -6.43, 0.14, -6.43, 0.13, -6.43, 0.14, -6.42, 0.13, -6.42, 0.14, -6.41, 0.13, -6.42, 0.13, -6.42, 0.13, -6.42, 0.13, -6.41, 0.13, -6.42, 0.13, -6.41, 0.12, -6.40, 0.13, -6.40, 0.13, -6.40, 0.12, -6.41, 0.12, 
OA-G3-1, -6.23, 0.92, -6.29, 0.66, -6.07, 0.60, -6.17, 0.53, -6.18, 0.52, -6.27, 0.47, -6.12, 0.43, -6.07, 0.41, -5.88, 0.36, -5.99, 0.35, -5.95, 0.33, -5.96, 0.33, -6.02, 0.30, -6.07, 0.31, -6.07, 0.33, -6.01, 0.30, -5.93, 0.31, -5.95, 0.30, -6.00, 0.30, -5.97, 0.29, -5.94, 0.27, -5.99, 0.27, -6.05, 0.27, -5.98, 0.29, -5.94, 0.27, -5.92, 0.27, -5.95, 0.28, -5.96, 0.28, -6.01, 0.26, -6.03, 0.25, -6.05, 0.25, -6.08, 0.23, -6.08, 0.25, -6.08, 0.24, -6.09, 0.24, -6.08, 0.23, -6.08, 0.23, -6.06, 0.23, -6.04, 0.22, -6.05, 0.21, -6.08, 0.21, -6.10, 0.21, -6.08, 0.20, -6.07, 0.21, -6.08, 0.21, -6.06, 0.20, -6.05, 0.20, -6.02, 0.19, -5.99, 0.19, -5.98, 0.19, -5.95, 0.19, -5.95, 0.20, -5.96, 0.19, -5.96, 0.19, -5.96, 0.18, -5.97, 0.19, -5.98, 0.18, -5.99, 0.17, -5.98, 0.18, -5.98, 0.17, -5.98, 0.18, -5.98, 0.18, -6.01, 0.18, -6.01, 0.18, -6.04, 0.17, -6.04, 0.16, -6.06, 0.16, -6.07, 0.16, -6.07, 0.16, -6.10, 0.15, -6.09, 0.16, -6.09, 0.16, -6.09, 0.16, -6.11, 0.15, -6.11, 0.15, -6.09, 0.16, -6.09, 0.16, -6.08, 0.15, -6.08, 0.15, -6.09, 0.15, -6.08, 0.15, -6.09, 0.14, -6.11, 0.16, -6.10, 0.15, -6.12, 0.15, -6.10, 0.15, -6.08, 0.15, -6.10, 0.15, -6.14, 0.15, -6.14, 0.15, -6.14, 0.14, -6.13, 0.14, -6.14, 0.14, -6.15, 0.14, -6.16, 0.14, -6.16, 0.14, -6.16, 0.14, -6.18, 0.14, -6.19, 0.14, -6.19, 0.14, 
OA-G3-2, -7.35, 0.85, -6.92, 0.70, -7.03, 0.59, -6.97, 0.48, -6.73, 0.45, -6.54, 0.42, -6.50, 0.41, -6.58, 0.39, -6.67, 0.36, -6.61, 0.37, -6.71, 0.33, -6.73, 0.32, -6.71, 0.30, -6.58, 0.29, -6.56, 0.27, -6.52, 0.28, -6.53, 0.28, -6.56, 0.28, -6.56, 0.24, -6.54, 0.25, -6.52, 0.25, -6.53, 0.25, -6.57, 0.24, -6.56, 0.24, -6.50, 0.23, -6.54, 0.22, -6.51, 0.22, -6.49, 0.21, -6.53, 0.22, -6.58, 0.21, -6.57, 0.21, -6.54, 0.21, -6.57, 0.21, -6.57, 0.20, -6.60, 0.20, -6.58, 0.20, -6.55, 0.20, -6.50, 0.21, -6.51, 0.19, -6.51, 0.20, -6.52, 0.20, -6.54, 0.19, -6.52, 0.19, -6.49, 0.19, -6.50, 0.18, -6.50, 0.17, -6.50, 0.19, -6.48, 0.18, -6.45, 0.18, -6.40, 0.18, -6.42, 0.17, -6.40, 0.17, -6.42, 0.17, -6.43, 0.17, -6.43, 0.17, -6.42, 0.17, -6.45, 0.17, -6.44, 0.17, -6.44, 0.16, -6.43, 0.15, -6.42, 0.15, -6.42, 0.16, -6.43, 0.16, -6.44, 0.16, -6.43, 0.15, -6.40, 0.16, -6.41, 0.16, -6.42, 0.15, -6.40, 0.15, -6.41, 0.16, -6.40, 0.15, -6.38, 0.15, -6.38, 0.15, -6.38, 0.16, -6.36, 0.15, -6.34, 0.15, -6.35, 0.15, -6.36, 0.15, -6.37, 0.14, -6.37, 0.14, -6.37, 0.14, -6.38, 0.14, -6.37, 0.15, -6.36, 0.14, -6.37, 0.14, -6.35, 0.14, -6.34, 0.14, -6.36, 0.14, -6.35, 0.14, -6.35, 0.14, -6.36, 0.13, -6.35, 0.14, -6.37, 0.13, -6.38, 0.13, -6.38, 0.13, -6.37, 0.12, -6.34, 0.13, -6.33, 0.13, -6.31, 0.13, -6.32, 0.13, 
OA-G3-3, -5.60, 0.91, -5.26, 0.68, -5.93, 0.62, -6.11, 0.48, -6.42, 0.46, -6.50, 0.46, -6.29, 0.40, -6.31, 0.40, -6.25, 0.40, -6.31, 0.35, -6.30, 0.35, -6.33, 0.34, -6.37, 0.35, -6.37, 0.35, -6.41, 0.35, -6.49, 0.35, -6.50, 0.33, -6.52, 0.33, -6.52, 0.32, -6.49, 0.31, -6.42, 0.31, -6.42, 0.29, -6.44, 0.30, -6.46, 0.29, -6.44, 0.28, -6.43, 0.28, -6.47, 0.26, -6.45, 0.27, -6.44, 0.27, -6.45, 0.26, -6.44, 0.25, -6.42, 0.26, -6.37, 0.25, -6.37, 0.26, -6.36, 0.24, -6.34, 0.23, -6.37, 0.22, -6.36, 0.23, -6.36, 0.23, -6.33, 0.21, -6.30, 0.22, -6.29, 0.21, -6.28, 0.20, -6.29, 0.21, -6.30, 0.21, -6.33, 0.20, -6.32, 0.20, -6.28, 0.19, -6.25, 0.19, -6.23, 0.18, -6.22, 0.19, -6.25, 0.19, -6.24, 0.18, -6.26, 0.18, -6.27, 0.18, -6.28, 0.19, -6.28, 0.18, -6.30, 0.18, -6.29, 0.17, -6.30, 0.17, -6.29, 0.17, -6.28, 0.17, -6.24, 0.18, -6.22, 0.18, -6.23, 0.18, -6.23, 0.17, -6.23, 0.17, -6.21, 0.17, -6.23, 0.17, -6.22, 0.17, -6.22, 0.15, -6.26, 0.16, -6.27, 0.17, -6.26, 0.16, -6.26, 0.17, -6.26, 0.16, -6.27, 0.16, -6.27, 0.16, -6.25, 0.15, -6.27, 0.15, -6.26, 0.14, -6.27, 0.14, -6.27, 0.15, -6.29, 0.15, -6.28, 0.15, -6.27, 0.15, -6.27, 0.15, -6.27, 0.14, -6.26, 0.15, -6.25, 0.14, -6.24, 0.14, -6.24, 0.14, -6.23, 0.14, -6.23, 0.14, -6.24, 0.13, -6.25, 0.14, -6.25, 0.13, -6.25, 0.14, -6.24, 0.13, -6.25, 0.13, 
OA-G3-4, -6.79, 0.88, -6.86, 0.60, -6.53, 0.46, -5.73, 0.47, -5.58, 0.43, -5.50, 0.42, -5.64, 0.42, -5.54, 0.44, -5.69, 0.43, -5.55, 0.42, -5.53, 0.42, -5.51, 0.42, -5.42, 0.41, -5.36, 0.42, -5.39, 0.39, -5.39, 0.38, -5.41, 0.38, -5.41, 0.35, -5.53, 0.33, -5.59, 0.35, -5.60, 0.33, -5.58, 0.32, -5.54, 0.33, -5.58, 0.33, -5.61, 0.32, -5.62, 0.32, -5.65, 0.31, -5.67, 0.28, -5.67, 0.28, -5.71, 0.28, -5.73, 0.27, -5.76, 0.28, -5.83, 0.28, -5.89, 0.28, -5.93, 0.28, -5.97, 0.27, -5.95, 0.26, -5.96, 0.26, -5.99, 0.26, -5.98, 0.25, -6.01, 0.25, -5.99, 0.25, -5.99, 0.23, -5.99, 0.23, -6.02, 0.23, -6.06, 0.22, -6.11, 0.23, -6.10, 0.23, -6.12, 0.23, -6.14, 0.21, -6.14, 0.23, -6.15, 0.22, -6.16, 0.22, -6.19, 0.21, -6.19, 0.21, -6.21, 0.22, -6.20, 0.22, -6.19, 0.21, -6.20, 0.20, -6.17, 0.20, -6.17, 0.19, -6.15, 0.19, -6.15, 0.19, -6.14, 0.18, -6.14, 0.18, -6.16, 0.19, -6.18, 0.19, -6.17, 0.18, -6.19, 0.18, -6.18, 0.18, -6.21, 0.18, -6.20, 0.18, -6.22, 0.17, -6.22, 0.18, -6.22, 0.17, -6.21, 0.17, -6.23, 0.17, -6.23, 0.16, -6.23, 0.17, -6.21, 0.17, -6.20, 0.17, -6.19, 0.16, -6.18, 0.16, -6.19, 0.17, -6.20, 0.16, -6.20, 0.16, -6.21, 0.15, -6.21, 0.15, -6.20, 0.15, -6.23, 0.15, -6.22, 0.15, -6.23, 0.15, -6.24, 0.15, -6.26, 0.15, -6.28, 0.14, -6.26, 0.14, -6.27, 0.14, -6.28, 0.14, -6.28, 0.14, -6.29, 0.14, 
OA-G6-0, -8.12, 0.99, -6.63, 0.79, -6.48, 0.64, -6.78, 0.58, -6.62, 0.52, -6.46, 0.51, -6.53, 0.51, -6.52, 0.50, -6.54, 0.51, -6.45, 0.47, -6.31, 0.43, -6.32, 0.43, -6.47, 0.45, -6.49, 0.43, -6.53, 0.43, -6.62, 0.45, -6.79, 0.45, -6.79, 0.43, -6.78, 0.40, -6.90, 0.38, -6.91, 0.37, -6.84, 0.36, -6.85, 0.36, -6.90, 0.38, -6.95, 0.35, -6.94, 0.34, -6.99, 0.33, -7.02, 0.33, -7.02, 0.33, -7.08, 0.32, -7.04, 0.31, -7.04, 0.32, -7.02, 0.33, -7.04, 0.32, -6.96, 0.28, -6.94, 0.30, -6.94, 0.30, -6.91, 0.30, -6.88, 0.30, -6.85, 0.28, -6.89, 0.28, -6.90, 0.29, -6.92, 0.29, -6.94, 0.27, -7.00, 0.27, -6.91, 0.28, -6.87, 0.27, -6.89, 0.27, -6.89, 0.27, -6.92, 0.27, -6.92, 0.25, -6.91, 0.25, -6.91, 0.25, -6.88, 0.26, -6.86, 0.25, -6.84, 0.25, -6.83, 0.24, -6.79, 0.24, -6.77, 0.25, -6.73, 0.24, -6.75, 0.24, -6.76, 0.23, -6.76, 0.23, -6.74, 0.22, -6.77, 0.21, -6.77, 0.20, -6.76, 0.21, -6.78, 0.21, -6.77, 0.20, -6.74, 0.20, -6.73, 0.20, -6.73, 0.20, -6.72, 0.20, -6.70, 0.20, -6.70, 0.20, -6.70, 0.20, -6.69, 0.19, -6.71, 0.20, -6.72, 0.19, -6.75, 0.20, -6.77, 0.19, -6.75, 0.18, -6.78, 0.19, -6.77, 0.19, -6.77, 0.17, -6.77, 0.19, -6.78, 0.18, -6.76, 0.17, -6.76, 0.18, -6.77, 0.18, -6.74, 0.18, -6.76, 0.18, -6.78, 0.18, -6.78, 0.17, -6.78, 0.19, -6.78, 0.18, -6.77, 0.18, -6.76, 0.17, -6.76, 0.17, -6.78, 0.17, 
OA-G6-1, -6.95, 1.09, -7.12, 0.81, -7.42, 0.73, -7.25, 0.65, -7.33, 0.62, -7.12, 0.52, -6.90, 0.49, -6.80, 0.48, -6.85, 0.47, -6.74, 0.44, -6.77, 0.41, -6.74, 0.45, -6.72, 0.42, -6.78, 0.43, -6.73, 0.43, -6.68, 0.43, -6.69, 0.44, -6.74, 0.41, -6.75, 0.42, -6.83, 0.39, -6.82, 0.40, -6.81, 0.40, -6.78, 0.43, -6.67, 0.42, -6.73, 0.39, -6.64, 0.36, -6.71, 0.36, -6.56, 0.36, -6.56, 0.36, -6.58, 0.34, -6.59, 0.36, -6.64, 0.35, -6.62, 0.35, -6.56, 0.37, -6.55, 0.33, -6.54, 0.33, -6.50, 0.31, -6.57, 0.29, -6.59, 0.28, -6.59, 0.29, -6.61, 0.28, -6.58, 0.29, -6.56, 0.27, -6.60, 0.28, -6.55, 0.28, -6.59, 0.29, -6.62, 0.28, -6.60, 0.28, -6.58, 0.28, -6.55, 0.27, -6.58, 0.26, -6.61, 0.25, -6.67, 0.26, -6.72, 0.24, -6.74, 0.24, -6.75, 0.25, -6.78, 0.25, -6.77, 0.24, -6.81, 0.23, -6.79, 0.24, -6.80, 0.24, -6.79, 0.22, -6.79, 0.24, -6.79, 0.24, -6.78, 0.23, -6.81, 0.23, -6.83, 0.23, -6.82, 0.22, -6.81, 0.23, -6.77, 0.23, -6.79, 0.21, -6.78, 0.22, -6.78, 0.21, -6.76, 0.22, -6.76, 0.21, -6.73, 0.22, -6.73, 0.21, -6.74, 0.21, -6.74, 0.20, -6.73, 0.20, -6.74, 0.20, -6.75, 0.20, -6.75, 0.20, -6.78, 0.20, -6.80, 0.21, -6.79, 0.20, -6.79, 0.19, -6.81, 0.19, -6.82, 0.19, -6.84, 0.19, -6.84, 0.18, -6.84, 0.19, -6.84, 0.18, -6.83, 0.19, -6.84, 0.19, -6.85, 0.18, -6.85, 0.18, -6.86, 0.18, -6.87, 0.18, -6.87, 0.17, 
OA-G6-2, -8.33, 1.02, -7.68, 0.83, -7.32, 0.70, -6.99, 0.65, -6.60, 0.66, -6.65, 0.57, -6.32, 0.53, -6.29, 0.54, -6.48, 0.48, -6.56, 0.46, -6.61, 0.48, -6.66, 0.47, -6.85, 0.47, -6.78, 0.45, -6.70, 0.42, -6.74, 0.43, -6.76, 0.40, -6.68, 0.38, -6.60, 0.36, -6.62, 0.37, -6.64, 0.36, -6.49, 0.36, -6.45, 0.37, -6.37, 0.35, -6.43, 0.33, -6.42, 0.33, -6.35, 0.33, -6.40, 0.32, -6.48, 0.31, -6.52, 0.31, -6.52, 0.32, -6.56, 0.32, -6.55, 0.31, -6.59, 0.29, -6.56, 0.29, -6.56, 0.27, -6.56, 0.28, -6.55, 0.27, -6.61, 0.28, -6.59, 0.27, -6.59, 0.26, -6.63, 0.26, -6.62, 0.25, -6.67, 0.26, -6.68, 0.26, -6.70, 0.24, -6.70, 0.25, -6.74, 0.25, -6.78, 0.26, -6.75, 0.25, -6.73, 0.25, -6.75, 0.26, -6.79, 0.26, -6.83, 0.26, -6.83, 0.28, -6.84, 0.25, -6.85, 0.26, -6.83, 0.24, -6.84, 0.25, -6.84, 0.25, -6.82, 0.24, -6.81, 0.23, -6.80, 0.23, -6.78, 0.24, -6.78, 0.24, -6.75, 0.24, -6.73, 0.23, -6.75, 0.23, -6.76, 0.23, -6.75, 0.23, -6.72, 0.22, -6.73, 0.23, -6.77, 0.23, -6.79, 0.21, -6.77, 0.20, -6.78, 0.21, -6.80, 0.21, -6.79, 0.21, -6.82, 0.19, -6.82, 0.20, -6.85, 0.20, -6.85, 0.20, -6.83, 0.20, -6.82, 0.20, -6.81, 0.19, -6.83, 0.20, -6.80, 0.20, -6.78, 0.20, -6.81, 0.19, -6.82, 0.20, -6.81, 0.18, -6.81, 0.19, -6.80, 0.19, -6.78, 0.19, -6.77, 0.19, -6.79, 0.18, -6.76, 0.18, -6.75, 0.18, -6.76, 0.18, -6.75, 0.17, 

OA-G6-3, -8.78, 1.12, -9.39, 0.88, -8.80, 0.70, -7.98, 0.67, -7.72, 0.61, -7.48, 0.55, -7.27, 0.55, -7.08, 0.49, -6.88, 0.49, -6.92, 0.45, -6.87, 0.45, -6.90, 0.41, -6.82, 0.39, -6.84, 0.38, -6.85, 0.37, -6.90, 0.35, -6.87, 0.34, -6.93, 0.32, -6.80, 0.34, -6.71, 0.33, -6.66, 0.31, -6.53, 0.35, -6.55, 0.35, -6.63, 0.32, -6.66, 0.31, -6.65, 0.30, -6.72, 0.28, -6.76, 0.29, -6.79, 0.29, -6.80, 0.29, -6.84, 0.31, -6.95, 0.31, -6.92, 0.29, -6.87, 0.29, -6.89, 0.27, -6.85, 0.28, -6.86, 0.28, -6.89, 0.29, -6.90, 0.30, -6.90, 0.30, -6.85, 0.28, -6.83, 0.28, -6.81, 0.27, -6.81, 0.26, -6.81, 0.28, -6.80, 0.25, -6.80, 0.25, -6.76, 0.26, -6.78, 0.25, -6.80, 0.25, -6.81, 0.26, -6.82, 0.26, -6.83, 0.27, -6.86, 0.26, -6.87, 0.26, -6.86, 0.25, -6.89, 0.25, -6.91, 0.25, -6.89, 0.25, -6.95, 0.25, -6.95, 0.27, -6.94, 0.23, -6.96, 0.25, -6.94, 0.25, -6.95, 0.25, -6.94, 0.25, -6.91, 0.26, -6.91, 0.25, -6.89, 0.24, -6.92, 0.24, -6.94, 0.23, -6.97, 0.23, -6.96, 0.22, -6.95, 0.23, -6.95, 0.22, -6.94, 0.22, -6.93, 0.22, -6.93, 0.21, -6.90, 0.21, -6.88, 0.23, -6.87, 0.22, -6.87, 0.21, -6.87, 0.21, -6.87, 0.21, -6.86, 0.22, -6.84, 0.21, -6.84, 0.21, -6.81, 0.20, -6.79, 0.21, -6.79, 0.20, -6.80, 0.21, -6.80, 0.19, -6.82, 0.19, -6.81, 0.20, -6.79, 0.20, -6.79, 0.20, -6.79, 0.20, -6.79, 0.20, -6.82, 0.20, -6.79, 0.20, 
OA-G6-4, -7.45, 1.04, -7.04, 0.84, -7.23, 0.66, -7.00, 0.64, -6.91, 0.56, -6.63, 0.53, -6.58, 0.51, -6.49, 0.51, -6.47, 0.52, -6.46, 0.47, -6.71, 0.47, -6.70, 0.45, -6.75, 0.44, -6.62, 0.44, -6.60, 0.46, -6.53, 0.47, -6.52, 0.45, -6.57, 0.44, -6.58, 0.42, -6.63, 0.43, -6.64, 0.43, -6.65, 0.43, -6.65, 0.42, -6.69, 0.41, -6.71, 0.36, -6.74, 0.37, -6.72, 0.38, -6.69, 0.36, -6.63, 0.38, -6.57, 0.35, -6.53, 0.38, -6.53, 0.36, -6.51, 0.37, -6.46, 0.37, -6.43, 0.37, -6.40, 0.40, -6.37, 0.40, -6.43, 0.40, -6.48, 0.37, -6.54, 0.36, -6.54, 0.35, -6.57, 0.34, -6.56, 0.31, -6.58, 0.35, -6.54, 0.31, -6.51, 0.30, -6.48, 0.32, -6.46, 0.30, -6.42, 0.31, -6.45, 0.31, -6.42, 0.30, -6.41, 0.28, -6.42, 0.30, -6.40, 0.31, -6.43, 0.30, -6.40, 0.29, -6.42, 0.28, -6.39, 0.29, -6.41, 0.28, -6.46, 0.27, -6.49, 0.28, -6.50, 0.26, -6.55, 0.30, -6.54, 0.28, -6.59, 0.26, -6.59, 0.26, -6.64, 0.26, -6.65, 0.24, -6.65, 0.25, -6.68, 0.26, -6.66, 0.25, -6.64, 0.27, -6.65, 0.25, -6.62, 0.26, -6.63, 0.25, -6.65, 0.26, -6.65, 0.24, -6.63, 0.25, -6.61, 0.24, -6.63, 0.25, -6.62, 0.24, -6.62, 0.24, -6.62, 0.23, -6.61, 0.24, -6.63, 0.23, -6.63, 0.25, -6.64, 0.24, -6.65, 0.24, -6.67, 0.24, -6.67, 0.24, -6.67, 0.24, -6.67, 0.24, -6.65, 0.23, -6.65, 0.22, -6.62, 0.22, -6.62, 0.22, -6.62, 0.22, -6.62, 0.23, -6.64, 0.23, -6.63, 0.23, 
#
# Each line of the "Cost" section below should include the following four elements in this order: system ID, total number of energy evaluations,
# total wall-clock time (in seconds), and total CPU time (in seconds). The CPU time is optional (the example below
# does not report it). The "Cost:" keyword is required.
#
# The total number of energy evaluations should approximately be the same for all 5 replicates of each system. This
# is necessary to be able to compute meaningful performance statistics from the data in the "Predictions" section.
#
# If your implementation is distributed over multiple processes/CPUs/GPUs, please include in the "TechnicalDetails"
# section a description of the parallelization strategy that clarifies how to interpret the wall-clock time.
Cost:
OA-G3-0, 457500000, 250332.0
OA-G3-1, 457500000, 255902.0
OA-G3-2, 457500000, 249854.0
OA-G3-3, 457500000, 249987.0
OA-G3-4, 457500000, 248915.0
OA-G6-0, 305000000, 164763.0
OA-G6-1, 305000000, 168776.0
OA-G6-2, 305000000, 165044.0
OA-G6-3, 305000000, 164259.0
OA-G6-4, 305000000, 164065.0
#
# Please provide an informal yet informative name for the method used.
# The "Name:" keyword is required, as shown here.
Name:
APR/pAPRika
#
# All major software packages used and their versions.
# The "Software:" keyword is required.
Software:
AMBER 18
pAPRika 2018-05-04_17:51:31_-0700-e69f053-0.0.3
#
# A description of the hardware used to run the simulations. If your implementation is distributed over multiple
# processes/CPUs/GPUs, please include a description of the parallelization strategy that clarifies how to interpret
# the total wall-clock time given in the "Cost" section. The "TechnicalDetails:" keyword is required.
TechnicalDetails:

XXYXYXYXXYXY

#
# Methodology and computational details.
# The level of detail should be at least that used in a publication. Please include the values of key parameters,
# with units, and explain how any statistical uncertainties were estimated. In particular, be sure to include a
# complete description of the thermodynamic cycle and the number of states (or windows) employed.
#
# Use as many lines of text as you need. All text following the "Method:" keyword will be regarded as part of your
# free text methods description.
Method:


XYXYXYXYXYX