1.000000000000000021e-02 5.892196471925959855e+00 1.153034076324745555e-01 2.100000000000000000e+04 1.294230329444730820e+01 8.223047686136477630e-01 6.440000000000000000e+04 -7.141514582862004801e+00 1.169298518351126503e+01 8.303493290756639444e-01
2.000000000000000042e-02 6.017388473742687260e+00 1.421881349586943677e-01 4.200000000000000000e+04 1.159755162438594489e+01 9.348928623247938496e-01 1.288000000000000000e+05 -7.141514582862004801e+00 1.047342551526662646e+01 9.456437647173896455e-01
2.999999999999999889e-02 6.028722721439073950e+00 1.390271660006836552e-01 6.300000000000000000e+04 1.194655804600055227e+01 7.599233778422771479e-01 1.932000000000000000e+05 -7.141514582862004801e+00 1.083376618457762319e+01 7.725361435411277622e-01
4.000000000000000083e-02 6.138577710307497881e+00 1.227064233932817494e-01 8.400000000000000000e+04 1.217266157644393942e+01 6.765531556189129381e-01 2.576000000000000000e+05 -7.141514582862004801e+00 1.116972470388943250e+01 6.875907494432137446e-01
5.000000000000000278e-02 6.242980078596110260e+00 1.278109364894453592e-01 1.050000000000000000e+05 1.192863720512489856e+01 6.759597479012420251e-01 3.220000000000000000e+05 -7.141514582862004801e+00 1.103010270085900402e+01 6.879369275369797698e-01
5.999999999999999778e-02 6.291193649371925822e+00 1.383286181305126983e-01 1.260000000000000000e+05 1.182959882509802974e+01 5.575646910695921665e-01 3.864000000000000000e+05 -7.141514582862004801e+00 1.097927789160794987e+01 5.744677461106297844e-01
7.000000000000000666e-02 6.261941312321585684e+00 1.249856294602511159e-01 1.470000000000000000e+05 1.180979847120181070e+01 5.818108123005887311e-01 4.508000000000000000e+05 -7.141514582862004801e+00 1.093022520066139336e+01 5.950842199902851570e-01
8.000000000000000167e-02 6.282722328997984995e+00 1.183929717700453327e-01 1.680000000000000000e+05 1.193031259910448405e+01 5.355744865379258313e-01 5.152000000000000000e+05 -7.141514582862004801e+00 1.107152034524046513e+01 5.485042628776057860e-01
8.999999999999999667e-02 6.340967415641767246e+00 1.404133069837469605e-01 1.890000000000000000e+05 1.195487284064360978e+01 4.984483942892609099e-01 5.796000000000000000e+05 -7.141514582862004801e+00 1.115432567342337222e+01 5.178481423618843671e-01
1.000000000000000056e-01 6.383085934625418290e+00 1.479504490818635554e-01 2.100000000000000000e+05 1.204520632429301230e+01 4.756836340464559165e-01 6.440000000000000000e+05 -7.141514582862004801e+00 1.128677767605642757e+01 4.981608726939197318e-01
1.100000000000000006e-01 6.396593213343360063e+00 1.710546465823618578e-01 2.310000000000000000e+05 1.194993333896516852e+01 4.738547441940123006e-01 7.084000000000000000e+05 -7.141514582862004801e+00 1.120501196944652378e+01 5.037836943695077618e-01
1.199999999999999956e-01 6.376601765522559973e+00 1.622080131398986325e-01 2.520000000000000000e+05 1.192774671625855554e+01 4.662279796296637246e-01 7.728000000000000000e+05 -7.141514582862004801e+00 1.116283389891911071e+01 4.936395127178856979e-01
1.300000000000000044e-01 6.397882265142292191e+00 1.599748807390948546e-01 2.730000000000000000e+05 1.197048899503114860e+01 4.633831232221271024e-01 8.372000000000000000e+05 -7.141514582862004801e+00 1.122685667731143511e+01 4.902202376020197150e-01
1.400000000000000133e-01 6.379780601832797160e+00 1.620925539033280238e-01 2.940000000000000000e+05 1.181137032035862333e+01 4.843714058357698748e-01 9.016000000000000000e+05 -7.141514582862004801e+00 1.104963633932941391e+01 5.107735846950420822e-01
1.499999999999999944e-01 6.397552520881544247e+00 1.578127776739675081e-01 3.150000000000000000e+05 1.181053079814695650e+01 4.392112355514399269e-01 9.660000000000000000e+05 -7.141514582862004801e+00 1.106656873616649506e+01 4.667026700499961045e-01
1.600000000000000033e-01 6.381147622802870067e+00 1.482768098496408948e-01 3.360000000000000000e+05 1.179799032046180507e+01 4.613730632721002034e-01 1.030400000000000000e+06 -7.141514582862004801e+00 1.103762336040266945e+01 4.846143991383953242e-01
1.700000000000000122e-01 6.363230390350309129e+00 1.388846857003803448e-01 3.570000000000000000e+05 1.194072147601402278e+01 4.628017068885081908e-01 1.094800000000000000e+06 -7.141514582862004801e+00 1.116243728350232800e+01 4.831918623290442638e-01
1.799999999999999933e-01 6.352481962936604276e+00 1.378621542912396858e-01 3.780000000000000000e+05 1.184688618200874011e+01 4.899669133369718432e-01 1.159200000000000000e+06 -7.141514582862004801e+00 1.105785356208334136e+01 5.089926814314537085e-01
1.900000000000000022e-01 6.321570248098314693e+00 1.407953479076622938e-01 3.990000000000000000e+05 1.170311328063515610e+01 4.943806089245791902e-01 1.223600000000000000e+06 -7.141514582862004801e+00 1.088316894587146422e+01 5.140384387116174736e-01
2.000000000000000111e-01 6.277841688565106715e+00 1.446373529785981438e-01 4.200000000000000000e+05 1.154759301182984998e+01 5.657279332251681225e-01 1.288000000000000000e+06 -7.141514582862004801e+00 1.068392011753295279e+01 5.839247026011794572e-01
2.099999999999999922e-01 6.250630168299132094e+00 1.480334504802210682e-01 4.410000000000000000e+05 1.139396141135929597e+01 6.207218304209738413e-01 1.352400000000000000e+06 -7.141514582862004801e+00 1.050307699679642326e+01 6.381296837024933444e-01
2.200000000000000011e-01 6.227943640807363401e+00 1.250451375095743556e-01 4.620000000000000000e+05 1.119628080399745862e+01 6.042572026611052749e-01 1.416800000000000000e+06 -7.141514582862004801e+00 1.028270986194281633e+01 6.170600079267918314e-01
2.300000000000000100e-01 6.231778744645100510e+00 1.443661676229985036e-01 4.830000000000000000e+05 1.111757265979571585e+01 6.439188333909385831e-01 1.481200000000000000e+06 -7.141514582862004801e+00 1.020783682157881245e+01 6.599038220450758052e-01
2.399999999999999911e-01 6.230737112241960141e+00 1.439551531415573238e-01 5.040000000000000000e+05 1.106214549968708560e+01 6.701587979869718659e-01 1.545600000000000000e+06 -7.141514582862004801e+00 1.015136802906704006e+01 6.854457678294849643e-01
2.500000000000000000e-01 6.269319376931854038e+00 1.492985534876987430e-01 5.250000000000000000e+05 1.101224412439066747e+01 6.421784561933698843e-01 1.610000000000000000e+06 -7.141514582862004801e+00 1.014004891846051848e+01 6.593051096968831626e-01
2.600000000000000089e-01 6.290241025899828031e+00 1.490986185285449184e-01 5.460000000000000000e+05 1.103533628059163085e+01 4.920835331293907933e-01 1.674400000000000000e+06 -7.141514582862004801e+00 1.018406272362945586e+01 5.141756525004124168e-01
2.700000000000000178e-01 6.306132092483357710e+00 1.720025570165127082e-01 5.670000000000000000e+05 1.108525906103151648e+01 5.215759966808046766e-01 1.738800000000000000e+06 -7.141514582862004801e+00 1.024987657065286939e+01 5.492052439059494917e-01
2.800000000000000266e-01 6.287521466164628592e+00 1.523056420681791756e-01 5.880000000000000000e+05 1.104037244375740912e+01 4.739179517278753750e-01 1.803200000000000000e+06 -7.141514582862004801e+00 1.018637932706003468e+01 4.977903510271619592e-01
2.899999999999999800e-01 6.280912210492433090e+00 1.612989970574868204e-01 6.090000000000000000e+05 1.108306858114882942e+01 4.946941602746412481e-01 1.867600000000000000e+06 -7.141514582862004801e+00 1.022246620877925594e+01 5.203265115882368397e-01
2.999999999999999889e-01 6.268420542524194339e+00 1.622630710659100084e-01 6.300000000000000000e+05 1.109744684656240565e+01 4.707736776219383912e-01 1.932000000000000000e+06 -7.141514582862004801e+00 1.022435280622459430e+01 4.979529694393089456e-01
3.099999999999999978e-01 6.273241958468032564e+00 1.483119627213187464e-01 6.510000000000000000e+05 1.107115289041152728e+01 4.965714998712692507e-01 1.996400000000000000e+06 -7.141514582862004801e+00 1.020288026601755504e+01 5.182467489243437475e-01
3.200000000000000067e-01 6.283681579235181225e+00 1.325295402441425963e-01 6.720000000000000000e+05 1.109889094627065020e+01 5.128866816876335166e-01 2.060800000000000000e+06 -7.141514582862004801e+00 1.024105794264382752e+01 5.297327885735182429e-01
3.300000000000000155e-01 6.275981623061616332e+00 1.370363554711789000e-01 6.930000000000000000e+05 1.113879455723636980e+01 5.091342499644948560e-01 2.125200000000000000e+06 -7.141514582862004801e+00 1.027326159743597955e+01 5.272538735824821021e-01
3.400000000000000244e-01 6.268725979545314075e+00 1.398725487241370136e-01 7.140000000000000000e+05 1.113321452321441285e+01 4.845877004247290398e-01 2.189600000000000000e+06 -7.141514582862004801e+00 1.026042591989772390e+01 5.043704682963833230e-01
3.499999999999999778e-01 6.279819961796775374e+00 1.346614994659639519e-01 7.350000000000000000e+05 1.114207691777322218e+01 4.757608797926340949e-01 2.254000000000000000e+06 -7.141514582862004801e+00 1.028038229670799453e+01 4.944513466252095091e-01
3.599999999999999867e-01 6.268885596031614327e+00 1.321451237496522602e-01 7.560000000000000000e+05 1.111378051518931898e+01 5.064296308762193943e-01 2.318400000000000000e+06 -7.141514582862004801e+00 1.024115152835893028e+01 5.233863819017788854e-01
3.699999999999999956e-01 6.257513907256870844e+00 1.335947628710028590e-01 7.770000000000000000e+05 1.112104017836698411e+01 5.401379982209112418e-01 2.382800000000000000e+06 -7.141514582862004801e+00 1.023703950276184926e+01 5.564140704445319496e-01
3.800000000000000044e-01 6.250192757055849313e+00 1.288630464376840645e-01 7.980000000000000000e+05 1.118260931072957121e+01 5.356611927649495009e-01 2.447200000000000000e+06 -7.141514582862004801e+00 1.029128748492341572e+01 5.509433711113775889e-01
3.900000000000000133e-01 6.239087491953230646e+00 1.319699177163179138e-01 8.190000000000000000e+05 1.122013716803427386e+01 5.324475009245880353e-01 2.511600000000000000e+06 -7.141514582862004801e+00 1.031771007712550059e+01 5.485584749348887401e-01
4.000000000000000222e-01 6.236569765976394564e+00 1.227253423235954988e-01 8.400000000000000000e+05 1.120289189953515319e+01 5.176473077538779055e-01 2.576000000000000000e+06 -7.141514582862004801e+00 1.029794708264954295e+01 5.319964707338590282e-01
4.099999999999999756e-01 6.231652892577124625e+00 1.245675718136755872e-01 8.610000000000000000e+05 1.120956061037290752e+01 4.966228424162107968e-01 2.640400000000000000e+06 -7.141514582862004801e+00 1.029969892008802645e+01 5.120071557674871210e-01
4.199999999999999845e-01 6.225815619264496448e+00 1.199802239640082313e-01 8.820000000000000000e+05 1.117862848347044213e+01 4.563806704818630378e-01 2.704800000000000000e+06 -7.141514582862004801e+00 1.026292951987293378e+01 4.718883030251210253e-01
4.299999999999999933e-01 6.222212115716842185e+00 1.182796300335776235e-01 9.030000000000000000e+05 1.116823403233330758e+01 4.429528582818254012e-01 2.769200000000000000e+06 -7.141514582862004801e+00 1.024893156518814408e+01 4.584727969475603238e-01
4.400000000000000022e-01 6.225300336059610196e+00 1.230722952919362234e-01 9.240000000000000000e+05 1.114248545413757974e+01 4.186252872225276755e-01 2.833600000000000000e+06 -7.141514582862004801e+00 1.022627120733518424e+01 4.363415187333991585e-01
4.500000000000000111e-01 6.212168780247116828e+00 1.203487381583015908e-01 9.450000000000000000e+05 1.117892452690545824e+01 4.173862409826667452e-01 2.898000000000000000e+06 -7.141514582862004801e+00 1.024957872429056849e+01 4.343904844007706600e-01
4.600000000000000200e-01 6.207196841467368387e+00 1.149935376384742941e-01 9.660000000000000000e+05 1.122334319923544577e+01 3.947320819717154983e-01 2.962400000000000000e+06 -7.141514582862004801e+00 1.028902545784081113e+01 4.111410101611566725e-01
4.699999999999999734e-01 6.189617465602823110e+00 1.201962266517956068e-01 9.870000000000000000e+05 1.123555638909386367e+01 3.921327740266213890e-01 3.026800000000000000e+06 -7.141514582862004801e+00 1.028365927183468287e+01 4.101405190506579590e-01
4.799999999999999822e-01 6.183175621127471544e+00 1.210122242790645786e-01 1.008000000000000000e+06 1.125883639688207793e+01 4.162868536411575837e-01 3.091200000000000000e+06 -7.141514582862004801e+00 1.030049743514754468e+01 4.335189764467308748e-01
4.899999999999999911e-01 6.185692053904364052e+00 1.210967363538055230e-01 1.029000000000000000e+06 1.123876824980951206e+01 4.297893429754673922e-01 3.155600000000000000e+06 -7.141514582862004801e+00 1.028294572085187042e+01 4.465235703642385090e-01
5.000000000000000000e-01 6.190048387620267434e+00 1.229230230368573151e-01 1.050000000000000000e+06 1.130230939571963056e+01 4.363138812689716373e-01 3.220000000000000000e+06 -7.141514582862004801e+00 1.035084320047789319e+01 4.532988777622486420e-01
5.100000000000000089e-01 6.187421538323594206e+00 1.195181847767087385e-01 1.071000000000000000e+06 1.124412560788156767e+01 4.415507569644141483e-01 3.284400000000000000e+06 -7.141514582862004801e+00 1.029003256334315708e+01 4.574403430701828865e-01
5.200000000000000178e-01 6.185205983835958321e+00 1.044692734497149195e-01 1.092000000000000000e+06 1.128449946288820449e+01 4.312249806120835305e-01 3.348800000000000000e+06 -7.141514582862004801e+00 1.032819086386215801e+01 4.436990117174063886e-01
5.300000000000000266e-01 6.182155383280176331e+00 1.104290309928171315e-01 1.113000000000000000e+06 1.129266140748542746e+01 4.706811537730370976e-01 3.413200000000000000e+06 -7.141514582862004801e+00 1.033330220790359988e+01 4.834618075951087612e-01
5.400000000000000355e-01 6.179133645277795850e+00 1.082919913784613913e-01 1.134000000000000000e+06 1.132108884369733204e+01 4.774673435286599932e-01 3.477600000000000000e+06 -7.141514582862004801e+00 1.035870790611312131e+01 4.895939333090517098e-01
5.500000000000000444e-01 6.183866220211913678e+00 9.998657789746348556e-02 1.155000000000000000e+06 1.126955099068308819e+01 4.253955952888673897e-01 3.542000000000000000e+06 -7.141514582862004801e+00 1.031190262803299618e+01 4.369882472685225339e-01
5.600000000000000533e-01 6.186367365046359978e+00 1.122719408021936177e-01 1.176000000000000000e+06 1.122112362121367468e+01 4.572699554158859980e-01 3.606400000000000000e+06 -7.141514582862004801e+00 1.026597640339803164e+01 4.708511450740431314e-01
5.699999999999999512e-01 6.177043904685759479e+00 1.063966609117741186e-01 1.197000000000000000e+06 1.118480362928388416e+01 4.342807440228201865e-01 3.670800000000000000e+06 -7.141514582862004801e+00 1.022033295110763973e+01 4.471241595823125525e-01
5.799999999999999600e-01 6.172299471642303637e+00 1.061685487369401354e-01 1.218000000000000000e+06 1.119527326192166861e+01 4.325919616826107705e-01 3.735200000000000000e+06 -7.141514582862004801e+00 1.022605815070196655e+01 4.454296420910011656e-01
5.899999999999999689e-01 6.164161349217921249e+00 1.053978362058961976e-01 1.239000000000000000e+06 1.121157694602565158e+01 3.900251156391190133e-01 3.799600000000000000e+06 -7.141514582862004801e+00 1.023422371238156714e+01 4.040152159339955862e-01
5.999999999999999778e-01 6.160284453941963889e+00 1.025897042022386046e-01 1.260000000000000000e+06 1.121956488313195521e+01 3.910461059096102532e-01 3.864000000000000000e+06 -7.141514582862004801e+00 1.023833475421191608e+01 4.042792405694026203e-01
6.099999999999999867e-01 6.161775166095922351e+00 1.042151663656116917e-01 1.281000000000000000e+06 1.123211617558219366e+01 3.984939055690437937e-01 3.928400000000000000e+06 -7.141514582862004801e+00 1.025237675881611210e+01 4.118958529486332343e-01
6.199999999999999956e-01 6.173816388851155246e+00 1.043454966987591437e-01 1.302000000000000000e+06 1.126528064380980609e+01 3.785630861302843320e-01 3.992800000000000000e+06 -7.141514582862004801e+00 1.029758244979895565e+01 3.926805226412379834e-01
6.300000000000000044e-01 6.188629688256340522e+00 1.059536402772889713e-01 1.323000000000000000e+06 1.124733583976186857e+01 3.712852386491449774e-01 4.057200000000000000e+06 -7.141514582862004801e+00 1.029445094515620340e+01 3.861073715001588358e-01
6.400000000000000133e-01 6.189611535318971569e+00 1.024107479619161126e-01 1.344000000000000000e+06 1.127255394227841201e+01 3.702130917439426794e-01 4.121600000000000000e+06 -7.141514582862004801e+00 1.032065089473537967e+01 3.841167720846461742e-01
6.500000000000000222e-01 6.205599599326646398e+00 9.948874915498426286e-02 1.365000000000000000e+06 1.130374431919094036e+01 3.664548925250935008e-01 4.186000000000000000e+06 -7.141514582862004801e+00 1.036782933565558196e+01 3.797198960602423123e-01
6.600000000000000311e-01 6.203571994852333127e+00 1.033570805283542254e-01 1.386000000000000000e+06 1.132742296560645734e+01 3.828325206880103249e-01 4.250400000000000000e+06 -7.141514582862004801e+00 1.038948037759678655e+01 3.965393107772299808e-01
6.700000000000000400e-01 6.218918743235024138e+00 1.054375981361414527e-01 1.407000000000000000e+06 1.133672703968441020e+01 3.669939417907079338e-01 4.314800000000000000e+06 -7.141514582862004801e+00 1.041413120005742954e+01 3.818398098834117071e-01
6.800000000000000488e-01 6.220706223397530543e+00 9.975147615326364348e-02 1.428000000000000000e+06 1.138418381881328934e+01 3.747225518928508081e-01 4.379200000000000000e+06 -7.141514582862004801e+00 1.046337545934881419e+01 3.877722887105851113e-01
6.899999999999999467e-01 6.221328538784871576e+00 1.109412053425094941e-01 1.448985000000000000e+06 1.139953923734347363e+01 3.434103795117083857e-01 4.443554000000000000e+06 -7.141514582862004801e+00 1.047935319326634129e+01 3.608859096712206393e-01
6.999999999999999556e-01 6.234319676218695427e+00 1.158215480035875294e-01 1.470000000000000000e+06 1.141193334663119785e+01 3.718571570983796870e-01 4.508000000000000000e+06 -7.141514582862004801e+00 1.050473843998788936e+01 3.894770548661838361e-01
7.099999999999999645e-01 6.236904273604803706e+00 1.181434394807102384e-01 1.491000000000000000e+06 1.141961410767776464e+01 3.559556921445107269e-01 4.572400000000000000e+06 -7.141514582862004801e+00 1.051500379842056176e+01 3.750497661143250561e-01
7.199999999999999734e-01 6.238720453814536882e+00 1.140528728928102004e-01 1.512000000000000000e+06 1.142654750052419743e+01 3.688402387679690086e-01 4.636800000000000000e+06 -7.141514582862004801e+00 1.052375337147672951e+01 3.860714694839750827e-01
7.299999999999999822e-01 6.237452741264330136e+00 1.061414460964403839e-01 1.533000000000000000e+06 1.142587941508644533e+01 3.453623073183328951e-01 4.701200000000000000e+06 -7.141514582862004801e+00 1.052181757348877156e+01 3.613047604110499189e-01
7.399999999999999911e-01 6.229354840529928161e+00 1.066941623131759387e-01 1.554000000000000000e+06 1.141147711488077121e+01 3.616445288317148843e-01 4.765600000000000000e+06 -7.141514582862004801e+00 1.049931737254869546e+01 3.770549157690738507e-01
7.500000000000000000e-01 6.226191845009712011e+00 1.088506640402631120e-01 1.575000000000000000e+06 1.139156855143905034e+01 3.592757919831923719e-01 4.830000000000000000e+06 -7.141514582862004801e+00 1.047624581358675755e+01 3.754031989303718286e-01
7.600000000000000089e-01 6.225290388676608444e+00 9.693446919710305143e-02 1.596000000000000000e+06 1.139072700339199429e+01 3.437284895406930163e-01 4.894400000000000000e+06 -7.141514582862004801e+00 1.047450280920659793e+01 3.571352206664171192e-01
7.700000000000000178e-01 6.222263181316191272e+00 1.007231388268064742e-01 1.617000000000000000e+06 1.135748145814929444e+01 3.405673763627724004e-01 4.958800000000000000e+06 -7.141514582862004801e+00 1.043823005660348002e+01 3.551496706147232452e-01
7.800000000000000266e-01 6.220879707370899681e+00 9.901800175038893981e-02 1.638000000000000000e+06 1.131027027696615939e+01 3.521031191285885487e-01 5.023200000000000000e+06 -7.141514582862004801e+00 1.038963540147505427e+01 3.657610848227583755e-01
7.900000000000000355e-01 6.214985242198555859e+00 9.372300401737343467e-02 1.659000000000000000e+06 1.129471938596177694e+01 3.552354959395622180e-01 5.087600000000000000e+06 -7.141514582862004801e+00 1.036819004529832711e+01 3.673911526662929083e-01
8.000000000000000444e-01 6.209920604783028431e+00 9.876651785425831498e-02 1.680000000000000000e+06 1.128937516286321419e+01 3.198166435017086862e-01 5.152000000000000000e+06 -7.141514582862004801e+00 1.035778118478423693e+01 3.347200479650935812e-01
8.100000000000000533e-01 6.207280909512489231e+00 9.767621971602274966e-02 1.701000000000000000e+06 1.126408407362066200e+01 3.487667747910574989e-01 5.216400000000000000e+06 -7.141514582862004801e+00 1.032985040027114465e+01 3.621862878356509330e-01
8.199999999999999512e-01 6.200211358711995580e+00 9.485175345500353183e-02 1.722000000000000000e+06 1.122549313583575703e+01 3.148751707561865398e-01 5.280800000000000000e+06 -7.141514582862004801e+00 1.028418991168574692e+01 3.288513772089550202e-01
8.299999999999999600e-01 6.194014701611536999e+00 9.585693528860195212e-02 1.743000000000000000e+06 1.123481877098845061e+01 3.497331969079371383e-01 5.345200000000000000e+06 -7.141514582862004801e+00 1.028731888973798192e+01 3.626318533476742823e-01
8.399999999999999689e-01 6.189757152010937347e+00 1.003637798082117616e-01 1.764000000000000000e+06 1.121031695663919514e+01 3.404618601472811923e-01 5.409600000000000000e+06 -7.141514582862004801e+00 1.025855952578812591e+01 3.549467093978165844e-01
8.499999999999999778e-01 6.183072358365274468e+00 9.452969957474660623e-02 1.785000000000000000e+06 1.121718702019811786e+01 3.379356163906979127e-01 5.474000000000000000e+06 -7.141514582862004801e+00 1.025874479570138575e+01 3.509078866697823429e-01
8.599999999999999867e-01 6.179195759216628225e+00 9.314077927848934957e-02 1.806000000000000000e+06 1.122345511943874286e+01 3.208224732951421299e-01 5.538400000000000000e+06 -7.141514582862004801e+00 1.026113629579336717e+01 3.340692505092566211e-01
8.699999999999999956e-01 6.173532550862581125e+00 9.444189087540619254e-02 1.827000000000000000e+06 1.124406914826895587e+01 3.423395321728002205e-01 5.602800000000000000e+06 -7.141514582862004801e+00 1.027608711626953308e+01 3.551276193714223983e-01
8.800000000000000044e-01 6.171812668886024866e+00 8.844682684440999254e-02 1.848000000000000000e+06 1.129332906645984202e+01 3.483216215344341338e-01 5.667200000000000000e+06 -7.141514582862004801e+00 1.032362715248386209e+01 3.593755601139602129e-01
8.900000000000000133e-01 6.171818264075623617e+00 9.385171056403637802e-02 1.869000000000000000e+06 1.127635373408240049e+01 3.459248988992350560e-01 5.731600000000000000e+06 -7.141514582862004801e+00 1.030665741529601931e+01 3.584301595209890556e-01
9.000000000000000222e-01 6.172110310492269214e+00 9.824179085049788984e-02 1.890000000000000000e+06 1.126163429915121128e+01 3.418715852522997145e-01 5.796000000000000000e+06 -7.141514582862004801e+00 1.029223002678147481e+01 3.557072254993330906e-01
9.100000000000000311e-01 6.172108584891454086e+00 9.281083905344911233e-02 1.911000000000000000e+06 1.121454302581299345e+01 3.148390142478649789e-01 5.860400000000000000e+06 -7.141514582862004801e+00 1.024513702784244273e+01 3.282338445961546225e-01
9.200000000000000400e-01 6.173919704431457767e+00 9.284071019461706542e-02 1.932000000000000000e+06 1.124267216574750705e+01 3.228761036142275831e-01 5.924800000000000000e+06 -7.141514582862004801e+00 1.027507728731696091e+01 3.359588899769528347e-01
9.300000000000000488e-01 6.177858539971826879e+00 9.577953541523631653e-02 1.953000000000000000e+06 1.126010752253919023e+01 3.269451232466657475e-01 5.989200000000000000e+06 -7.141514582862004801e+00 1.029645147964901142e+01 3.406858274409664267e-01
9.399999999999999467e-01 6.172079706151871292e+00 9.334735236853598794e-02 1.974000000000000000e+06 1.126839979872678121e+01 3.365699761320404826e-01 6.053600000000000000e+06 -7.141514582862004801e+00 1.029896492201664771e+01 3.492750735849008414e-01
9.499999999999999556e-01 6.183967054374634564e+00 8.635386544125302211e-02 1.995000000000000000e+06 1.125805667990378467e+01 3.211573124344505037e-01 6.118000000000000000e+06 -7.141514582862004801e+00 1.030050915141641354e+01 3.325642936437483432e-01
9.599999999999999645e-01 6.175153214075980834e+00 9.349138209245946851e-02 2.016000000000000000e+06 1.123677993869332958e+01 3.009737677798435818e-01 6.182400000000000000e+06 -7.141514582862004801e+00 1.027041856990730651e+01 3.151600346128193286e-01
9.699999999999999734e-01 6.177652855623703587e+00 9.512507767340547260e-02 2.037000000000000000e+06 1.124455137294504681e+01 3.110890345876501373e-01 6.246800000000000000e+06 -7.141514582862004801e+00 1.028068964570674737e+01 3.253078047681112750e-01
9.799999999999999822e-01 6.167208720425600532e+00 9.324990374647350311e-02 2.058000000000000000e+06 1.125474167375345580e+01 3.218959710642360084e-01 6.311200000000000000e+06 -7.141514582862004801e+00 1.028043581131705153e+01 3.351306621843397338e-01
9.899999999999999911e-01 6.167458369896670511e+00 8.931688933816410436e-02 2.079000000000000000e+06 1.126328809645288231e+01 3.227864907958254426e-01 6.375600000000000000e+06 -7.141514582862004801e+00 1.028923188348754891e+01 3.349158481788064856e-01
1.000000000000000000e+00 6.171268057671693619e+00 9.206736303399054577e-02 2.100000000000000000e+06 1.123952687047258259e+01 3.075003291077756939e-01 6.440000000000000000e+06 -7.141514582862004801e+00 1.026928034528227229e+01 3.209873077512925277e-01
